0 1 1
2 3 2
4 5 7
6 5 8
7 3 1
8 3 1
9 10 1
11 5 1
12 3 1
13 3 1
14 15 1
16 3 2
17 5 3
17 15 3
18 5 2
19 20 1
21 22 2
23 20 1
24 3 1
25 10 1
26 27 1
28 29 3
30 10 1
31 32 1
33 15 1
34 22 1
35 20 1
36 3 1
37 20 1
38 3 1
39 3 1
40 3 2
41 20 1
42 15 1
43 5 1
43 3 1
44 10 2
44 20 1
44 5 2
45 20 2
46 15 1
47 10 3
48 10 1
49 27 2
50 27 1
51 15 2
52 53 72774
52 54 58
55 32 4
56 20 1
57 1 1
57 27 2
57 5 1
57 32 2
57 3 2
57 15 1
58 1 1
58 5 1
58 15 1
59 27 1
59 15 1
60 1 2
61 3 1
61 15 1
62 32 1
63 32 1
64 1 1
64 22 2
65 15 1
66 15 1
67 1 1
67 10 1
67 27 2
67 32 2
67 15 2
68 1 1
69 15 1
70 1 1
70 22 2
70 15 1
71 32 3
71 15 1
72 1 1
72 15 2
73 1 1
74 10 2
75 1 1
75 15 1
76 20 4
77 1 4
77 22 2
77 5 1
77 15 1
78 10 1
78 20 1
78 15 1
79 20 1
79 32 1
79 3 1
80 10 1
80 20 1
81 15 1
82 27 2
82 32 2
83 32 1
84 10 1
84 29 2
84 27 1
84 20 3
84 32 7
84 3 3
84 15 2
85 20 2
85 15 1
86 15 2
87 20 1
88 1 3
88 10 1
88 27 4
88 32 1
88 15 3
89 10 3
89 20 2
90 1 2
90 22 2
90 15 2
91 27 2
91 32 1
91 3 2
92 10 3
92 20 5
92 3 1
93 1 1
94 1 1
95 20 1
96 20 3
97 32 3
97 15 1
98 1 1
98 15 1
99 27 1
100 3 1
101 5 2
102 1 1
102 3 1
103 15 1
104 20 1
105 20 2
106 29 1
107 1 6
108 5 4
109 5 4
110 5 5
1 0 2
1 111 1
1 57 1
1 58 1
1 60 1
1 64 1
1 67 1
1 68 1
1 70 1
1 72 1
1 75 1
1 77 1
1 88 1
1 90 1
1 93 1
1 94 1
1 98 1
1 102 1
1 112 1
1 113 1
1 114 8
1 53 5
1 115 1
1 116 1
1 117 1
1 118 1
1 119 2
1 120 1
10 9 2
10 121 4
10 25 2
10 122 1
10 44 4
10 45 1
10 123 4
10 124 6
10 47 27
10 48 7
10 57 1
10 67 1
10 74 4
10 78 3
10 79 1
10 80 2
10 84 5
10 89 4
10 92 4
10 125 1
10 126 12
10 127 10
10 114 198
10 128 2
10 129 1
10 130 1
10 131 1
10 132 5
10 133 2
10 134 14
10 135 2
10 136 7
10 137 2
10 138 2
10 139 3
10 140 2
10 141 3
10 142 2
10 143 3
10 144 2
10 145 4
10 146 5
10 147 2
10 148 1
10 149 1
10 150 2
10 151 1
10 152 2
10 153 6
10 154 3
10 155 1
10 156 2
10 157 3
10 158 14
29 159 2
29 160 2
29 28 1
29 57 1
29 84 2
29 91 1
29 161 2
29 106 1
29 114 53
29 53 4
29 162 1
29 163 3
29 164 1
29 165 1
29 166 1
29 167 6
29 168 2
29 169 2
29 170 2
29 151 2
29 171 1
29 154 8
29 172 1
29 173 1
27 111 1
27 174 7
27 26 4
27 175 7
27 176 1
27 49 3
27 57 1
27 59 2
27 67 1
27 82 1
27 84 1
27 91 2
27 99 1
27 177 6
27 112 1
27 113 1
27 114 47
27 53 9
27 178 1
27 164 2
27 179 1
27 180 2
27 181 6
27 182 2
27 183 5
27 184 2
27 120 1
27 154 10
27 185 2
22 186 1
22 187 1
22 188 1
22 189 1
22 190 1
22 34 1
22 191 4
22 192 1
22 126 2
22 113 1
22 114 25
22 53 4
22 193 1
22 163 1
22 194 1
22 195 1
22 196 1
22 197 1
22 198 1
22 199 1
22 200 1
22 201 1
22 202 1
22 203 6
22 204 9
22 154 1
22 205 1
22 206 1
22 207 1
22 208 1
22 209 1
22 210 1
20 19 2
20 23 1
20 211 1
20 212 1
20 213 1
20 214 2
20 35 2
20 37 2
20 41 2
20 44 2
20 45 3
20 215 2
20 216 1
20 56 1
20 76 4
20 78 1
20 79 1
20 80 1
20 84 3
20 85 2
20 87 1
20 89 2
20 92 5
20 95 1
20 96 3
20 104 1
20 126 4
20 105 2
20 217 2
20 113 2
20 114 191
20 218 1
20 219 1
20 220 1
20 221 2
20 129 1
20 222 1
20 223 2
20 224 1
20 225 1
20 226 1
20 227 2
20 228 1
20 229 2
20 230 1
20 231 4
20 232 11
20 163 6
20 233 1
20 234 6
20 235 4
20 236 2
20 237 4
20 238 2
20 239 4
20 240 1
20 241 1
20 242 1
20 243 2
20 244 2
20 245 1
20 246 1
20 247 3
20 248 2
20 249 2
20 250 2
20 251 2
20 252 2
20 253 2
20 153 10
20 154 2
20 254 2
20 255 2
20 155 1
20 256 2
20 257 2
20 258 4
20 259 2
20 206 1
20 207 1
20 208 1
20 260 1
5 4 1
5 11 1
5 17 4
5 18 3
5 43 2
5 44 4
5 261 2
5 108 5
5 109 6
5 110 5
5 113 3
5 114 34
5 53 10
5 262 1
5 263 2
5 264 1
5 265 2
5 266 1
5 150 2
5 267 1
114 268 512
114 113 2
114 32 2
114 3 3
114 269 3
32 31 2
32 55 5
32 57 3
32 62 1
32 63 2
32 67 2
32 71 4
32 79 2
32 82 1
32 83 1
32 84 7
32 91 2
32 97 3
32 270 2
32 114 58
32 53 4
32 271 6
32 272 1
32 228 1
32 273 6
32 274 3
32 275 1
32 154 4
32 276 2
53 188 1
53 52 1386
53 1 3
53 29 2
53 27 7
53 22 3
53 20 1
53 5 8
53 114 39
53 32 2
53 3 2
53 15 1
54 277 20
54 52 116
54 114 3
54 278 2
3 2 2
3 7 1
3 8 3
3 12 3
3 279 6
3 13 3
3 16 2
3 24 1
3 280 1
3 36 1
3 38 1
3 39 1
3 40 2
3 43 2
3 281 2
3 57 3
3 61 2
3 79 2
3 80 1
3 84 7
3 89 3
3 91 4
3 92 2
3 97 1
3 100 3
3 102 2
3 282 1
3 126 20
3 106 2
3 114 407
3 53 4
3 283 4
3 128 3
3 284 2
3 285 2
3 286 3
3 287 2
3 288 1
3 289 3
3 129 1
3 290 3
3 228 1
3 291 3
3 292 12
3 293 25
3 134 20
3 294 4
3 295 2
3 296 2
3 297 2
3 298 2
3 299 1
3 179 1
3 300 1
3 301 2
3 302 4
3 303 2
3 304 1
3 305 3
3 306 1
3 181 6
3 307 2
3 308 1
3 309 3
3 310 2
3 311 2
3 312 2
3 313 1
3 314 1
3 315 1
3 316 1
3 317 2
3 318 4
3 319 2
3 320 1
3 321 1
3 322 1
3 323 1
3 324 1
3 325 1
3 326 1
3 327 2
3 328 4
3 329 1
3 330 2
3 331 1
3 332 2
3 153 26
3 154 11
3 333 2
3 334 2
3 155 1
3 335 1
3 336 1
3 337 8
3 338 2
3 339 1
3 340 2
3 341 1
15 342 1
15 343 2
15 344 1
15 42 2
15 43 1
15 46 1
15 51 6
15 57 2
15 58 1
15 59 1
15 61 1
15 65 1
15 66 1
15 67 2
15 69 1
15 70 1
15 345 1
15 71 3
15 72 2
15 75 1
15 77 1
15 78 1
15 79 1
15 81 1
15 84 4
15 85 1
15 86 2
15 90 2
15 97 1
15 98 1
15 103 1
15 346 2
15 126 14
15 114 129
15 53 5
15 347 16
15 348 2
15 134 1
15 234 1
15 349 1
15 350 2
15 351 4
15 352 1
15 353 1
15 354 1
15 265 6
15 355 1
15 356 2
15 357 1
15 358 1
15 359 1
15 360 2
15 361 1
15 154 1
283 3 4
128 10 2
128 3 3
362 1 1
284 3 2
272 32 1
286 3 1
287 3 1
288 3 2
289 3 1
129 20 1
363 1 1
290 3 1
130 10 1
117 1 1
228 20 1
228 32 1
132 10 1
364 1 10
229 20 1
291 3 3
365 15 2
292 3 6
347 15 16
366 5 1
348 15 2
367 15 1
368 22 1
293 3 24
230 20 1
263 5 1
133 10 2
231 20 2
232 20 6
134 10 6
134 22 1
134 3 4
134 15 1
163 1 2
163 27 7
163 20 6
163 15 3
369 1 2
370 15 2
294 3 3
371 15 1
233 20 1
135 10 2
136 10 5
234 20 2
349 15 1
372 15 2
235 20 2
295 3 2
296 3 2
137 10 2
264 5 2
373 15 1
236 20 1
297 3 2
374 15 1
350 1 1
350 15 2
164 29 1
164 27 2
299 3 1
138 10 1
179 27 2
179 3 1
139 10 1
375 22 2
141 10 1
301 3 1
303 3 2
237 20 4
238 20 1
199 22 2
143 10 1
352 15 1
166 29 1
304 3 1
305 3 1
240 20 1
180 27 4
376 27 1
353 15 1
306 3 1
377 15 2
181 27 6
181 3 6
307 3 1
378 10 1
144 10 2
167 29 6
379 32 1
308 3 1
309 3 1
312 3 2
380 1 1
381 1 1
168 29 1
354 15 1
146 10 5
265 5 1
265 15 6
241 20 1
382 1 1
169 29 2
273 32 6
383 1 1
384 15 2
385 32 1
386 32 1
387 1 1
388 15 1
389 15 5
266 5 1
355 15 1
242 20 1
314 3 1
390 15 3
391 1 1
184 27 1
315 3 1
243 20 1
392 15 1
244 20 1
274 32 3
245 20 1
317 3 2
318 3 4
246 20 1
393 1 1
319 3 2
394 15 1
356 15 2
357 15 1
321 3 1
358 15 1
322 3 1
395 10 1
323 3 1
324 3 1
325 3 1
326 3 1
247 20 2
359 15 1
327 3 2
248 20 1
150 10 2
150 5 1
249 20 1
329 3 1
275 32 1
396 1 1
151 10 1
171 29 1
152 10 4
330 3 1
204 22 2
331 3 1
332 3 1
360 15 1
153 10 2
397 32 1
267 5 1
154 1 2
154 10 2
154 29 7
154 27 8
154 20 2
154 32 4
154 3 4
154 15 3
333 1 1
333 3 2
254 20 1
155 20 1
337 3 6
256 20 1
257 20 1
185 27 4
339 3 1
398 399 3
157 10 2
209 22 1
158 10 2
