0 1 1
2 3 2
4 5 2
6 3 3
7 8 1
9 1 1
10 11 4
12 11 1
13 14 1
15 16 1
17 18 2
19 18 3
20 14 2
21 8 8
22 8 2
23 3 2
24 16 1
25 16 3
26 3 1
27 3 1
28 3 1
29 8 1
30 16 1
31 8 2
32 1 1
33 16 2
34 8 1
35 11 1
36 16 2
37 8 1
38 16 2
39 8 5
40 3 1
41 3 1
42 11 2
43 16 1
44 3 1
45 3 9
46 8 6
47 11 2
48 8 9
49 11 2
50 8 1
51 16 2
52 8 2
53 1 1
54 1 1
55 1 3
55 16 1
56 3 1
57 58 2
59 8 1
60 8 1
61 16 1
62 16 2
63 5 1
63 1 1
63 3 4
63 16 2
64 16 1
65 16 1
66 1 1
67 1 3
68 8 1
69 5 2
70 5 2
71 1 1
71 8 1
71 16 1
72 1 1
73 16 1
74 5 8
75 5 1
75 1 2
75 11 3
75 14 1
75 3 1
76 8 4
76 16 1
77 8 2
77 16 3
78 11 2
78 18 4
79 5 2
79 1 1
79 11 3
79 14 1
79 3 1
79 16 1
80 16 1
81 16 1
82 1 2
82 3 4
82 8 3
82 16 8
83 5 1
83 14 3
83 18 5
83 16 1
84 3 1
84 8 1
84 16 2
85 5 1
85 16 1
86 11 2
87 1 1
88 16 3
89 1 1
89 3 1
89 16 1
90 11 6
90 8 1
90 16 1
91 1 1
91 16 2
92 1 1
92 14 1
92 16 2
93 5 1
94 14 1
94 3 1
94 16 2
95 5 2
95 16 2
96 1 1
96 3 1
96 8 2
97 16 1
98 1 2
99 16 1
100 3 1
101 1 2
101 11 2
101 8 4
102 16 1
103 8 2
104 16 2
105 3 1
105 16 1
106 1 1
107 16 1
108 16 2
109 16 1
110 16 1
111 16 1
112 16 3
113 16 2
114 1 2
115 1 1
116 1 6
117 8 1
118 8 1
119 8 2
120 1 1
120 11 1
121 8 2
122 16 1
123 16 1
124 1 1
5 4 2
5 125 3
5 63 2
5 69 1
5 70 1
5 74 4
5 75 1
5 79 1
5 83 1
5 85 1
5 93 1
5 95 1
5 126 3
5 127 22
5 128 14
5 129 1
5 130 3
5 131 1
5 132 3
5 133 2
5 134 6
5 135 3
5 136 3
5 137 1
138 127 33
138 128 9
138 131 1
138 139 46
138 140 6
138 141 1
138 142 1
138 143 2
138 137 1
1 0 23
1 9 3
1 144 2
1 32 3
1 53 1
1 145 2
1 54 11
1 55 3
1 63 2
1 66 2
1 67 3
1 71 2
1 72 2
1 75 3
1 79 3
1 82 3
1 87 2
1 89 2
1 91 2
1 92 2
1 96 2
1 98 2
1 101 2
1 106 2
1 146 2
1 114 6
1 115 3
1 116 10
1 120 2
1 124 16
1 127 224
1 128 8
1 139 68
1 147 2
1 148 26
1 149 2
1 150 6
1 151 2
1 152 1
1 153 9
1 154 3
1 155 4
1 156 1
1 157 1
1 158 2
1 159 1
1 160 9
1 161 1
1 162 1
1 163 1
1 164 6
1 165 2
1 136 11
1 166 3
1 167 2
11 10 4
11 12 1
11 35 2
11 125 2
11 42 2
11 47 4
11 49 3
11 75 3
11 78 2
11 79 4
11 86 2
11 90 4
11 101 2
11 146 6
11 120 1
11 126 3
11 127 103
11 128 8
11 168 3
11 169 4
11 130 2
11 132 2
11 150 6
11 151 2
11 170 11
11 171 33
11 172 16
11 173 1
11 174 5
11 175 2
11 176 3
11 177 2
11 178 1
11 179 1
11 180 5
11 181 1
11 135 3
11 182 1
11 183 2
11 136 6
11 184 2
11 185 4
11 186 3
11 187 1
14 13 2
14 20 5
14 188 3
14 189 3
14 190 3
14 125 3
14 191 3
14 192 2
14 83 3
14 92 1
14 94 1
14 126 3
14 127 24
14 128 20
14 129 2
14 193 2
14 194 3
14 195 3
14 196 3
14 197 3
14 198 3
14 151 1
14 176 2
14 199 3
14 200 3
14 201 3
14 202 3
14 203 3
14 204 3
14 205 2
3 2 3
3 6 4
3 23 1
3 28 1
3 189 4
3 206 4
3 191 4
3 44 1
3 45 1
3 56 1
3 207 5
3 208 5
3 63 1
3 75 1
3 79 1
3 89 1
3 94 1
3 96 1
3 105 1
3 209 5
3 146 2
3 126 3
3 127 91
3 128 4
3 193 5
3 210 4
3 197 4
3 132 4
3 133 2
3 150 1
3 174 1
3 211 6
3 212 1
3 213 1
3 177 1
3 214 1
3 215 4
3 216 4
3 217 5
3 218 4
3 219 4
3 220 3
3 136 2
3 221 2
3 222 2
3 201 4
3 202 5
3 203 4
3 223 4
3 205 5
18 224 4
18 225 5
18 126 7
18 127 9
18 128 14
18 226 2
18 227 1
18 228 1
127 229 2
127 230 800
127 138 2
127 1 4
127 126 3
127 128 4
127 58 8
127 16 5
127 231 1
127 232 1
127 233 1
127 234 1
8 7 11
8 235 2
8 21 6
8 22 2
8 29 2
8 236 2
8 31 2
8 237 2
8 34 1
8 37 2
8 39 7
8 46 6
8 48 11
8 50 1
8 52 2
8 59 3
8 60 1
8 68 2
8 71 2
8 76 5
8 77 3
8 82 4
8 84 2
8 90 2
8 96 3
8 101 4
8 103 3
8 108 2
8 146 24
8 117 5
8 118 1
8 119 2
8 121 2
8 127 445
8 128 17
8 238 3
8 239 3
8 240 1
8 241 3
8 242 3
8 243 2
8 244 1
8 139 45
8 245 4
8 147 2
8 246 5
8 149 8
8 150 3
8 247 2
8 248 3
8 174 1
8 249 1
8 250 2
8 251 6
8 252 2
8 253 1
8 254 14
8 255 2
8 153 28
8 256 12
8 257 2
8 258 1
8 259 2
8 260 3
8 261 4
8 262 2
8 263 6
8 264 12
8 265 3
8 217 8
8 266 1
8 267 2
8 268 9
8 269 1
8 270 1
8 271 2
8 272 2
8 273 1
8 274 1
8 275 2
8 276 2
8 277 2
8 278 2
8 279 2
8 280 1
8 281 1
8 282 1
8 283 2
8 284 2
8 285 5
8 286 1
8 287 4
8 288 2
8 289 1
8 290 1
8 291 2
8 292 1
8 293 3
8 294 3
8 295 3
8 296 3
8 297 3
8 298 4
8 299 3
8 300 2
8 301 4
8 183 20
8 136 10
8 302 3
8 303 2
8 304 2
8 305 1
8 306 1
8 307 1
8 308 6
8 309 5
8 310 1
128 311 1
128 312 1
128 5 10
128 138 5
128 1 4
128 11 8
128 14 14
128 3 4
128 18 13
128 127 135
128 8 8
128 16 5
128 193 1
313 314 44
313 127 2
58 224 2
58 315 6
58 57 2
58 146 2
58 127 64
58 139 68
58 179 1
58 316 6
58 136 3
16 15 2
16 317 2
16 24 1
16 318 1
16 30 3
16 33 6
16 36 2
16 38 2
16 51 2
16 55 2
16 319 4
16 61 3
16 62 3
16 63 3
16 320 1
16 64 2
16 65 1
16 71 3
16 73 3
16 76 2
16 77 7
16 79 2
16 80 3
16 81 1
16 82 13
16 83 2
16 84 3
16 85 1
16 88 5
16 89 1
16 90 1
16 91 3
16 92 3
16 94 3
16 95 2
16 97 1
16 99 1
16 102 2
16 104 1
16 105 2
16 107 3
16 108 5
16 109 15
16 110 2
16 111 1
16 112 1
16 113 1
16 146 8
16 122 1
16 123 1
16 127 1044
16 128 14
16 321 1
16 238 14
16 322 2
16 323 2
16 324 2
16 325 6
16 326 4
16 327 8
16 328 4
16 329 1
16 139 45
16 330 2
16 331 2
16 332 6
16 147 2
16 333 3
16 149 5
16 334 4
16 151 3
16 247 1
16 335 2
16 174 1
16 336 23
16 337 1
16 338 6
16 250 12
16 339 3
16 340 2
16 341 1
16 176 19
16 177 7
16 155 2
16 342 2
16 343 2
16 344 1
16 345 1
16 346 1
16 347 4
16 348 2
16 349 8
16 350 3
16 351 4
16 352 3
16 353 1
16 354 1
16 263 4
16 355 2
16 356 2
16 357 2
16 358 6
16 359 3
16 360 2
16 361 1
16 362 2
16 363 2
16 364 1
16 365 1
16 366 2
16 367 3
16 368 3
16 369 7
16 370 4
16 371 1
16 278 2
16 372 1
16 373 3
16 374 1
16 375 2
16 376 2
16 377 1
16 378 4
16 379 2
16 380 6
16 381 1
16 382 2
16 383 2
16 384 3
16 385 2
16 386 2
16 387 3
16 388 3
16 389 2
16 390 1
16 291 2
16 391 2
16 392 2
16 299 2
16 393 4
16 394 11
16 395 40
16 396 10
16 397 17
16 398 14
16 399 2
16 400 3
16 183 24
16 136 5
16 302 3
16 401 4
16 402 4
16 403 1
16 404 7
16 405 2
16 406 5
16 407 8
16 408 1
16 409 4
16 410 3
16 411 2
16 412 3
16 413 10
16 166 3
16 414 7
16 415 2
16 416 6
16 417 2
321 16 1
238 8 3
238 16 16
239 8 1
326 16 1
327 16 2
240 8 2
241 8 3
242 8 2
243 8 4
329 16 2
131 5 1
131 138 1
139 138 46
139 1 58
139 8 45
139 58 52
139 16 43
330 16 2
418 3 1
419 3 9
420 3 2
245 8 2
333 16 1
246 8 1
149 1 1
149 8 5
149 16 3
150 1 4
150 11 6
150 3 2
150 8 3
334 3 9
334 16 1
151 1 1
151 11 2
151 14 2
151 16 2
170 11 1
171 11 1
172 11 6
173 11 1
335 3 1
335 16 2
421 3 2
422 3 4
248 8 3
174 11 3
174 3 1
174 8 1
174 16 1
336 16 19
337 16 1
249 8 1
338 16 2
250 8 2
250 16 12
423 16 1
251 8 6
339 16 1
252 8 2
424 16 1
425 3 1
253 8 1
212 3 1
152 1 1
426 16 1
427 3 2
254 8 10
213 3 5
175 11 3
428 3 1
429 3 1
176 11 3
176 16 3
177 11 2
177 16 3
153 1 3
153 8 2
256 8 2
154 1 1
430 3 1
155 1 2
155 16 2
431 16 1
432 16 2
257 8 2
344 16 1
345 16 1
346 16 1
214 3 3
258 8 1
156 1 1
259 8 2
157 1 1
158 1 2
433 3 1
349 16 4
260 8 1
350 16 2
434 3 1
351 16 2
352 16 1
353 16 1
354 16 1
262 8 2
355 16 2
265 8 1
435 16 2
217 3 1
266 8 1
267 8 2
268 8 1
359 16 1
269 8 1
270 8 1
360 16 2
361 16 1
272 8 2
159 1 1
273 8 1
160 1 3
161 1 1
179 11 1
179 58 1
364 16 1
274 8 1
275 8 2
365 16 1
436 3 1
276 8 2
367 16 3
368 16 2
277 8 2
369 16 6
370 16 2
134 5 6
371 16 1
162 1 1
163 1 1
278 8 2
278 16 2
279 8 2
372 16 1
180 11 5
280 8 1
373 16 2
437 16 1
281 8 1
374 16 1
164 1 6
140 138 6
282 8 1
438 16 2
439 16 4
283 8 2
377 16 1
381 16 1
382 16 2
165 1 1
284 8 2
383 16 1
285 8 5
316 58 6
384 16 3
181 11 1
286 8 1
387 16 1
287 8 2
288 8 2
218 3 2
440 3 1
388 16 1
135 5 2
135 11 2
289 8 1
290 8 1
292 8 1
141 138 1
142 138 1
142 1 1
142 127 1
233 127 1
234 1 1
293 8 3
294 8 3
295 8 2
296 8 1
297 8 1
298 8 1
299 8 2
299 16 1
393 16 2
394 16 5
395 16 4
396 16 2
397 16 1
398 16 2
400 16 1
227 18 2
183 16 2
136 5 4
136 1 9
136 11 5
136 3 2
136 8 10
136 16 6
302 8 1
302 16 1
401 16 1
402 16 2
221 3 1
222 3 1
404 16 5
405 16 3
406 16 1
407 16 8
409 16 3
410 16 4
411 16 2
441 3 1
413 16 2
303 8 1
166 1 2
166 16 2
414 16 5
184 11 1
185 11 2
442 3 1
305 8 1
306 8 1
307 8 1
308 8 6
443 444 5
186 11 3
137 5 2
204 14 2
187 11 1
310 8 1
228 18 1
445 3 1
