0 1 25
2 3 1
4 1 229
5 3 1
6 7 1
8 1 2
9 1 2
10 1 3
11 12 2
13 1 1
14 1 6
15 12 7
16 1 1
17 18 2
19 12 2
20 1 2
21 1 2
22 1 1
23 18 2
24 12 1
25 26 2
27 3 1
28 7 13
29 1 1
30 3 1
31 1 1
32 1 1
33 3 2
34 1 1
35 36 5
35 1 5
35 3 1
37 3 2
38 1 14
39 1 27
40 1 4
41 1 9
42 3 2
43 1 3
44 45 1
46 45 1
47 12 10
48 12 8
49 1 2
50 3 2
51 1 2
52 1 4
53 1 23
54 1 1
55 1 6
56 1 3
57 1 8
58 1 3
59 60 1
61 1 13
62 36 5
62 1 1
63 1 4
64 1 4
65 1 2
66 1 4
67 1 2
68 1 2
69 1 1
70 1 1
71 1 1
72 12 6
73 1 4
74 1 3
75 1 4
76 3 2
77 1 1
78 3 1
79 3 1
80 1 10
81 3 1
82 1 13
83 3 22
84 1 2
85 3 6
86 1 1
87 1 16
88 3 1
89 45 1
90 1 2
90 3 1
91 1 13
92 1 2
93 3 1
94 18 3
95 1 3
96 1 15
97 1 1
98 1 1
98 7 3
99 18 2
99 7 1
100 1 1
101 1 16
102 3 1
103 3 2
104 3 1
105 3 2
106 3 2
107 18 1
108 26 2
109 1 1
110 1 2
111 112 2
111 7 1
113 36 4
113 1 22
113 3 1
114 36 1
114 1 14
115 112 2
115 3 1
116 1 3
116 3 1
117 7 2
118 7 1
119 26 1
119 1 41
119 7 1
120 3 1
121 1 6
121 18 1
122 36 5
122 1 46
122 3 4
122 7 2
123 124 1
123 1 2
125 1 1
126 1 3
127 1 9
128 12 1
128 3 1
128 7 1
129 1 46
130 26 2
130 7 2
131 1 1
132 1 59
132 3 2
133 26 1
133 112 8
133 1 40
133 3 1
133 7 4
134 7 2
135 124 1
136 1 1
137 36 1
137 1 27
137 3 2
138 7 1
139 12 1
139 124 1
139 45 1
139 3 1
139 18 2
139 7 6
140 1 7
141 1 10
141 3 2
142 36 1
142 1 1
142 7 1
143 1 14
143 3 6
144 112 14
145 26 4
145 112 7
145 36 1
145 3 1
146 1 1
147 26 1
147 112 2
147 124 1
147 45 1
147 7 2
148 12 1
149 112 2
149 1 14
149 7 3
150 3 2
151 26 1
151 112 2
151 36 2
151 1 46
151 3 1
152 112 2
152 7 2
153 12 1
153 3 1
154 3 1
155 1 1
156 112 3
157 112 1
157 7 6
158 26 2
158 36 2
158 1 2
158 7 1
159 3 2
160 1 4
161 12 2
162 1 11
163 7 1
164 1 3
165 3 1
166 1 14
167 36 2
168 45 1
169 3 1
170 12 2
171 12 5
172 1 7
173 36 5
174 1 8
175 3 1
176 1 3
177 3 2
26 25 5
26 178 1
26 179 1
26 108 4
26 119 2
26 130 4
26 133 2
26 145 5
26 147 2
26 151 2
26 158 3
26 180 1
26 181 4
26 112 3
26 36 3
26 124 3
26 1 13
26 182 1
26 183 180
26 184 11
26 185 2
26 186 2
26 187 4
26 188 2
26 189 4
26 190 10
26 191 1
26 192 4
26 193 4
26 194 3
26 195 2
26 196 1
26 197 6
26 198 3
26 199 2
26 200 9
26 201 1
12 11 3
12 15 8
12 19 2
12 24 1
12 47 18
12 48 9
12 50 2
12 202 4
12 72 9
12 203 2
12 128 2
12 139 3
12 141 3
12 148 2
12 153 2
12 161 3
12 181 20
12 170 10
12 204 12
12 171 15
12 205 2
12 182 1
12 183 265
12 184 8
12 206 3
12 207 2
12 208 3
12 209 1
12 210 2
12 211 2
12 212 8
12 213 1
12 187 3
12 214 1
12 215 2
12 216 1
12 217 6
12 218 2
12 219 1
12 220 36
12 221 2
12 222 6
12 223 2
12 224 1
12 225 2
12 226 4
12 227 2
12 228 9
12 229 1
12 230 2
12 231 1
12 232 4
12 233 1
12 234 1
12 235 2
12 236 1
12 237 2
12 238 1
12 239 2
12 240 5
12 241 3
12 242 2
12 243 1
12 244 3
12 245 2
12 246 4
12 247 2
12 248 7
12 249 1
12 250 7
12 251 2
12 252 1
12 253 7
12 254 4
12 200 6
12 255 1
12 256 2
12 257 5
12 258 4
12 259 2
60 59 1
60 183 7
60 184 12
60 260 4
60 261 1
60 262 1
112 263 1
112 264 1
112 111 3
112 115 3
112 133 7
112 144 16
112 145 7
112 147 2
112 149 3
112 151 3
112 152 2
112 156 3
112 157 2
112 265 2
112 26 3
112 182 5
112 183 81
112 184 20
112 266 1
112 267 2
112 268 2
112 269 2
112 188 1
112 194 3
112 270 1
112 227 1
112 271 6
112 200 5
36 272 2
36 35 4
36 273 1
36 62 7
36 274 1
36 113 4
36 114 1
36 122 5
36 145 1
36 151 2
36 158 2
36 275 2
36 276 1
36 167 3
36 173 7
36 182 4
36 183 132
36 277 19
36 278 1
36 187 1
36 279 2
36 280 4
36 281 2
36 282 1
36 283 2
36 284 2
36 285 2
36 286 2
36 287 1
36 288 1
36 289 2
36 290 2
36 291 1
36 292 3
36 293 2
36 294 2
36 295 2
36 296 1
36 297 2
36 201 2
36 298 1
36 299 2
36 300 2
124 301 1
124 302 1
124 303 1
124 123 1
124 135 1
124 139 1
124 147 1
124 181 2
124 182 4
124 183 65
124 184 14
124 304 1
124 305 1
124 306 1
124 307 1
124 308 1
124 309 1
124 310 1
124 269 1
124 311 1
124 312 5
124 313 1
124 314 3
124 315 1
124 316 1
124 317 6
124 318 2
124 319 1
124 320 2
124 321 1
124 200 1
124 201 1
124 298 1
124 299 1
124 322 1
1 0 18
1 4 185
1 8 2
1 9 1
1 10 3
1 323 8
1 13 1
1 324 2
1 325 14
1 14 5
1 16 10
1 20 2
1 21 2
1 22 1
1 29 3
1 31 1
1 32 1
1 34 1
1 35 9
1 38 14
1 39 21
1 40 14
1 41 9
1 43 3
1 49 2
1 51 2
1 52 6
1 53 19
1 326 7
1 54 2
1 55 7
1 56 3
1 57 10
1 58 1
1 61 10
1 62 11
1 63 18
1 64 3
1 65 1
1 66 4
1 67 1
1 68 9
1 69 2
1 70 2
1 71 1
1 327 2
1 73 5
1 74 4
1 75 4
1 77 1
1 328 2
1 80 14
1 82 14
1 84 1
1 86 2
1 87 27
1 90 4
1 91 13
1 92 3
1 329 2
1 95 3
1 96 18
1 97 16
1 98 2
1 100 3
1 101 16
1 330 2
1 109 26
1 331 24
1 332 15
1 110 2
1 333 6
1 334 8
1 335 7
1 336 1
1 113 20
1 114 9
1 116 5
1 119 35
1 121 5
1 122 41
1 123 2
1 126 2
1 127 8
1 129 42
1 131 2
1 132 46
1 337 8
1 133 32
1 136 3
1 137 24
1 140 4
1 141 8
1 142 1
1 143 12
1 146 1
1 338 3
1 339 6
1 149 10
1 151 36
1 340 2
1 155 1
1 157 6
1 158 1
1 341 1
1 160 4
1 162 8
1 342 1
1 164 6
1 343 2
1 166 24
1 172 7
1 174 9
1 176 11
1 26 10
1 182 9
1 183 501
1 184 13
1 344 8
1 345 2
1 346 13
1 347 1
1 348 3
1 349 1
1 350 13
1 351 4
1 352 2
1 353 4
1 354 8
1 355 23
1 356 4
1 357 7
1 358 45
1 359 1
1 360 1
1 361 3
1 362 5
1 363 1
1 364 6
1 365 11
1 366 3
1 367 8
1 311 3
1 368 15
1 279 8
1 369 2
1 370 3
1 371 1
1 372 1
1 373 1
1 374 2
1 375 30
1 376 43
1 377 7
1 378 3
1 379 3
1 380 83
1 381 10
1 189 1
1 382 29
1 383 21
1 384 2
1 385 2
1 386 4
1 387 2
1 388 11
1 389 6
1 390 3
1 391 2
1 392 4
1 393 3
1 394 2
1 395 3
1 396 3
1 397 2
1 398 2
1 399 13
1 400 2
1 401 10
1 402 2
1 192 3
1 403 5
1 221 5
1 193 3
1 404 56
1 405 9
1 406 16
1 407 5
1 408 3
1 409 2
1 410 7
1 411 1
1 412 2
1 413 6
1 414 3
1 415 2
1 416 2
1 417 141
1 418 9
1 419 1
1 420 4
1 421 1
1 422 2
1 423 1
1 424 2
1 425 10
1 426 2
1 427 2
1 428 17
1 429 5
1 430 2
1 431 2
1 432 4
1 433 6
1 434 5
1 435 4
1 436 2
1 437 1
1 438 2
1 439 2
1 440 2
1 441 1
1 442 6
1 443 7
1 444 2
1 445 1
1 446 7
1 447 19
1 448 4
1 449 1
1 450 2
1 451 1
1 452 3
1 453 85
1 454 36
1 455 3
1 456 10
1 457 15
1 458 1
1 459 1
1 460 1
1 461 1
1 462 2
1 463 1
1 464 2
1 465 1
1 466 1
1 467 3
1 468 2
1 469 7
1 470 2
1 291 2
1 471 5
1 472 1
1 473 3
1 474 9
1 475 8
1 476 2
1 477 9
1 478 11
1 479 1
1 480 2
1 481 1
1 482 2
1 483 6
1 484 2
1 485 10
1 486 9
1 487 26
1 488 3
1 489 8
1 490 7
1 491 31
1 492 8
1 493 7
1 494 2
1 495 1
1 496 4
1 497 1
1 498 5
1 499 2
1 500 7
1 501 2
1 502 15
1 503 7
1 504 7
1 505 6
1 244 2
1 506 8
1 507 1
1 508 1
1 509 4
1 510 26
1 511 20
1 512 10
1 513 11
1 514 2
1 515 13
1 516 4
1 517 16
1 518 30
1 519 10
1 520 47
1 521 6
1 522 2
1 523 1
1 524 16
1 525 14
1 526 6
1 527 6
1 528 6
1 529 4
1 530 2
1 531 3
1 532 2
1 533 7
1 534 8
1 535 1
1 536 15
1 537 2
1 538 3
1 539 2
1 540 2
1 541 2
1 542 2
1 255 5
1 543 8
1 544 2
1 545 10
1 546 2
1 547 1
1 548 1
1 549 8
1 550 13
1 551 7
1 552 4
1 553 24
1 554 13
1 555 5
1 556 4
183 557 1053
183 26 2
183 182 4
183 3 1
183 18 3
183 558 1
183 559 1
45 560 4
45 44 3
45 46 3
45 89 1
45 139 1
45 147 2
45 168 1
45 182 1
45 183 82
45 184 12
45 561 3
45 562 3
45 563 2
45 564 87
45 565 7
45 566 1
45 190 2
45 567 5
184 568 2
184 569 2
184 26 12
184 12 5
184 60 7
184 112 13
184 124 13
184 1 4
184 182 4
184 183 88
184 45 7
184 3 7
184 18 5
184 7 3
184 268 1
3 2 3
3 5 4
3 570 2
3 571 1
3 27 1
3 30 2
3 33 2
3 35 2
3 37 2
3 42 2
3 572 2
3 50 8
3 573 2
3 574 2
3 76 4
3 78 1
3 79 1
3 81 2
3 83 46
3 85 12
3 88 2
3 90 1
3 93 3
3 97 3
3 98 3
3 575 2
3 102 1
3 576 4
3 577 56
3 103 1
3 104 1
3 105 2
3 106 2
3 113 8
3 115 2
3 116 1
3 119 2
3 120 1
3 122 4
3 128 1
3 132 8
3 133 4
3 137 2
3 139 1
3 141 3
3 143 6
3 145 3
3 150 2
3 151 1
3 153 1
3 154 1
3 340 1
3 158 2
3 159 2
3 165 1
3 578 2
3 181 16
3 579 2
3 580 2
3 169 1
3 175 5
3 581 2
3 582 8
3 176 34
3 177 20
3 583 2
3 584 2
3 585 4
3 183 345
3 184 12
3 586 8
3 587 2
3 588 11
3 589 3
3 350 4
3 590 2
3 591 4
3 592 4
3 593 2
3 594 1
3 213 1
3 595 6
3 596 2
3 597 2
3 357 1
3 363 2
3 364 1
3 598 2
3 368 1
3 279 5
3 599 5
3 281 1
3 371 1
3 600 6
3 216 4
3 601 1
3 602 1
3 603 1
3 315 2
3 604 1
3 605 3
3 606 1
3 607 4
3 608 7
3 609 19
3 610 1
3 192 3
3 193 3
3 611 2
3 612 1
3 613 2
3 614 1
3 615 1
3 616 1
3 617 5
3 618 7
3 619 1
3 620 4
3 621 1
3 622 1
3 623 1
3 416 2
3 624 2
3 625 2
3 226 5
3 626 1
3 627 4
3 628 2
3 629 4
3 228 4
3 630 1
3 631 3
3 632 1
3 633 4
3 634 2
3 635 2
3 636 5
3 637 3
3 638 1
3 639 8
3 640 3
3 641 2
3 642 1
3 239 2
3 643 4
3 644 1
3 645 2
3 646 1
3 647 4
3 648 3
3 649 2
3 650 1
3 651 2
3 652 2
3 653 2
3 654 1
3 655 1
3 656 2
3 657 1
3 658 1
3 659 1
3 660 1
3 661 4
3 662 1
3 663 2
3 664 2
3 665 1
3 666 3
3 667 1
3 668 1
3 669 3
3 670 1
3 671 3
3 672 2
3 673 2
3 674 2
3 675 2
3 248 14
3 251 2
3 676 4
3 677 2
3 513 14
3 527 2
3 254 2
3 678 1
3 679 1
3 680 1
3 681 12
3 682 2
3 683 2
3 200 7
3 684 2
3 685 2
3 686 2
3 255 1
3 543 2
3 687 1
3 688 2
3 689 6
3 690 2
3 691 2
3 692 2
18 17 3
18 23 5
18 94 3
18 99 4
18 107 2
18 121 3
18 139 2
18 183 137
18 184 8
18 693 2
18 694 2
18 695 19
18 696 4
18 697 3
18 698 2
18 190 11
18 221 2
18 415 2
18 699 3
18 700 1
18 701 2
18 702 1
18 703 2
18 704 2
18 705 1
18 706 3
18 653 1
18 707 2
18 708 2
18 709 1
18 710 3
18 711 2
18 681 6
18 200 4
7 2 2
7 6 2
7 28 12
7 98 7
7 99 5
7 111 2
7 117 3
7 118 2
7 119 2
7 122 3
7 128 2
7 130 3
7 133 5
7 134 1
7 138 1
7 139 6
7 142 1
7 147 5
7 149 4
7 152 3
7 157 7
7 158 3
7 163 1
7 712 4
7 713 2
7 714 2
7 183 143
7 184 4
7 715 2
7 716 25
7 717 2
7 718 6
7 220 13
7 719 1
7 720 1
7 228 2
7 721 7
7 722 2
7 723 2
7 724 2
7 725 1
7 726 2
7 727 2
7 728 6
7 729 1
7 730 6
7 731 1
7 200 5
7 732 1
344 1 2
693 18 2
345 1 1
586 3 9
347 1 1
587 3 1
348 1 3
206 12 1
277 36 2
588 3 1
208 12 6
349 1 2
589 3 1
209 12 2
210 12 1
351 1 4
561 45 3
562 45 1
590 3 1
352 1 2
353 1 2
211 12 2
266 112 1
694 18 1
212 12 5
354 1 8
355 1 8
563 45 1
309 124 1
185 26 1
267 112 1
213 12 1
595 3 2
357 1 10
357 3 2
358 1 35
359 1 1
360 1 1
361 1 3
362 1 6
715 36 1
715 7 1
363 1 2
363 3 1
187 26 3
187 36 1
364 3 1
564 45 5
598 3 1
366 1 2
367 1 3
311 124 1
311 1 4
312 124 5
733 36 1
313 124 1
368 1 17
368 3 1
279 36 2
279 1 6
279 3 5
314 124 3
599 3 5
369 1 2
370 1 3
695 18 9
281 36 1
371 1 1
371 3 1
716 7 23
372 1 1
373 1 1
214 12 1
600 3 1
374 1 1
216 12 1
216 3 3
601 3 1
375 1 21
376 1 38
565 45 3
377 1 3
602 3 1
378 1 3
717 7 2
379 1 2
218 12 2
380 1 63
381 1 10
566 45 1
603 3 1
189 26 2
696 18 4
382 1 20
383 1 20
697 18 2
315 124 1
315 3 2
219 12 1
384 1 4
385 1 1
698 18 1
604 3 1
605 3 3
386 1 2
387 1 2
389 1 5
390 1 1
391 1 1
606 3 1
392 1 2
393 1 3
394 1 1
608 3 1
190 26 2
190 18 3
718 7 6
395 1 3
609 3 5
396 1 3
261 60 1
220 12 22
220 7 9
191 26 1
397 1 2
398 1 1
399 1 1
401 1 1
402 1 1
192 26 3
192 1 4
192 3 1
403 1 6
221 12 2
221 1 4
221 18 1
222 12 2
193 26 2
193 1 2
193 3 1
405 1 5
406 1 13
407 1 4
408 1 3
409 1 2
612 3 1
410 1 11
411 1 1
614 3 1
615 3 1
223 12 2
412 1 1
616 3 1
413 1 1
414 1 3
617 3 5
194 26 2
194 112 1
618 3 2
619 3 1
620 3 2
621 3 1
719 7 1
224 12 1
623 3 1
317 124 6
415 1 2
415 18 2
416 1 2
417 1 174
418 1 7
225 12 2
419 1 1
624 3 2
625 3 1
226 12 2
226 3 2
720 7 1
420 1 2
270 112 1
227 12 1
227 112 1
421 1 1
423 1 1
424 1 2
228 12 1
229 12 1
318 124 1
426 1 1
427 1 4
428 1 18
429 1 4
430 1 1
630 3 1
631 3 1
632 3 1
721 7 7
431 1 2
432 1 8
722 7 2
699 18 1
635 3 2
231 12 1
433 1 6
434 1 7
636 3 1
435 1 5
232 12 2
436 1 1
438 1 1
637 3 2
638 3 1
700 18 1
701 18 2
639 3 6
640 3 1
233 12 1
440 1 2
234 12 1
441 1 1
196 26 1
723 7 2
702 18 1
444 1 1
445 1 1
724 7 2
703 18 2
235 12 2
236 12 1
447 1 20
237 12 2
448 1 5
449 1 2
704 18 2
450 1 3
451 1 2
452 1 2
453 1 1
725 7 1
726 7 2
454 1 36
455 1 3
456 1 15
458 1 2
642 3 1
238 12 1
459 1 1
460 1 1
461 1 2
462 1 2
463 1 2
464 1 2
465 1 1
466 1 2
239 12 2
467 1 1
468 1 2
291 36 1
291 1 3
727 7 2
471 1 4
472 1 2
728 7 6
474 1 10
197 26 6
567 45 5
240 12 5
643 3 4
479 1 1
480 1 3
481 1 2
482 1 1
705 18 1
644 3 1
483 1 6
241 12 3
485 1 8
486 1 11
646 3 1
647 3 4
487 1 19
648 3 1
488 1 3
490 1 9
491 1 43
729 7 1
492 1 2
198 26 2
650 3 1
651 3 2
706 18 2
494 1 3
653 3 2
653 18 1
271 112 6
496 1 6
242 12 2
730 7 6
497 1 2
654 3 1
655 3 1
656 3 2
657 3 1
498 1 7
499 1 1
500 1 5
501 1 3
658 3 1
502 1 10
659 3 1
660 3 1
243 12 1
661 3 2
292 36 2
662 3 1
293 36 2
663 3 2
505 1 4
244 12 1
244 1 2
665 3 1
245 12 2
666 3 1
667 3 1
707 18 2
668 3 1
669 3 1
670 3 1
671 3 1
708 18 2
508 1 1
509 1 2
674 3 2
247 12 1
199 26 1
675 3 1
248 12 1
248 3 2
249 12 1
250 12 6
251 12 4
251 3 2
252 12 1
262 60 1
253 12 6
731 7 2
709 18 2
676 3 5
710 18 2
513 1 2
515 1 13
517 1 2
518 1 25
711 18 1
519 1 11
520 1 46
521 1 8
522 1 2
523 1 1
524 1 16
525 1 4
527 1 5
527 3 1
528 1 7
320 124 1
678 3 1
529 1 3
679 3 2
680 3 2
531 1 2
682 3 1
683 3 1
200 26 5
200 12 3
200 112 3
200 124 1
200 3 1
200 18 3
200 7 6
684 3 1
532 1 2
533 1 5
534 1 5
536 1 10
537 1 1
538 1 3
539 1 1
542 1 1
255 12 2
255 1 1
543 1 8
543 3 1
297 36 2
544 1 2
732 7 1
688 3 1
689 3 6
546 1 1
256 12 2
547 1 2
734 735 8
550 1 2
257 12 4
258 12 2
551 1 8
552 1 5
691 3 1
553 1 21
554 1 7
555 1 3
