0 1 1
2 1 1
3 1 1
4 5 1
6 1 1
7 8 1
9 1 1
10 8 1
11 8 1
12 13 1
14 1 1
15 5 1
16 1 1
17 1 1
18 1 1
19 13 1
20 5 3
21 1 12
22 13 2
23 1 7
24 5 2
25 1 1
26 13 2
27 5 2
28 1 6
29 5 1
30 5 2
31 32 6
33 5 1
34 1 1
35 36 1
37 13 1
38 13 1
39 5 2
40 13 1
41 5 1
42 1 2
43 1 2
44 13 1
45 13 6
46 13 1
47 13 1
48 13 12
49 13 7
50 5 1
51 1 1
51 13 1
52 1 2
53 1 1
54 13 5
55 1 1
56 13 1
57 5 1
57 1 1
57 13 3
58 5 1
59 36 4
60 36 1
61 62 1
63 64 30398
65 5 1
65 1 3
65 13 2
65 36 2
65 66 3
67 5 1
67 1 1
67 66 1
68 36 3
69 1 1
69 62 1
69 66 3
69 8 1
70 5 1
70 36 3
71 5 6
71 13 2
72 1 1
73 8 1
74 5 1
74 13 2
74 66 1
75 36 1
76 1 2
76 36 1
77 5 1
78 1 2
79 36 2
80 5 4
80 1 1
80 13 10
80 36 1
81 5 4
81 36 1
81 66 1
82 5 1
82 1 1
83 13 5
84 36 1
85 1 1
85 36 3
86 36 1
87 5 1
87 1 5
87 36 1
88 5 1
88 13 5
89 1 2
90 36 1
91 62 1
92 62 2
93 1 1
94 66 1
95 62 1
96 32 1
97 1 5
97 13 1
98 1 3
99 66 7
100 66 3
101 66 1
102 5 2
102 1 1
103 13 1
104 62 1
105 1 1
106 1 6
5 4 11
5 107 1
5 108 1
5 109 2
5 15 3
5 20 4
5 24 2
5 27 4
5 29 45
5 110 26
5 30 6
5 111 4
5 112 4
5 33 5
5 39 20
5 113 12
5 41 2
5 50 2
5 114 1
5 57 2
5 115 1
5 58 2
5 60 1
5 65 6
5 67 2
5 68 1
5 71 8
5 74 3
5 77 2
5 80 4
5 81 5
5 82 2
5 83 1
5 87 2
5 88 3
5 96 2
5 116 1
5 97 2
5 117 26
5 102 5
5 118 1
5 119 1
5 120 1108
5 64 5
5 121 11
5 122 2
5 123 1
5 124 2
5 125 1
5 126 4
5 127 27
5 128 5
5 129 1
5 130 15
5 131 2
5 132 8
5 133 1
5 134 1
5 135 7
5 136 1
5 137 1
5 138 1
5 139 3
5 140 1
5 141 1
5 142 2
5 143 6
5 144 3
5 145 6
5 146 1
5 147 1
5 148 1
5 149 2
5 150 4
5 151 2
5 152 1
5 153 6
5 154 186
5 155 2
5 156 3
5 157 2
5 158 2
5 159 2
5 160 9
5 161 9
5 162 3
5 163 1
5 164 1
5 165 1
5 166 2
5 167 2
5 168 5
5 169 1
5 170 1
5 171 2
5 172 2
5 173 1
5 174 1
32 175 2
32 176 2
32 31 10
32 96 1
32 120 29
32 64 1
32 177 3
32 178 6
32 179 15
32 180 4
32 181 8
32 182 1
32 183 2
1 0 2
1 2 1
1 3 6
1 184 6
1 185 2
1 6 2
1 9 3
1 14 1
1 16 3
1 17 3
1 18 1
1 21 12
1 22 1
1 23 7
1 25 2
1 28 7
1 186 3
1 187 1
1 188 2
1 34 1
1 189 2
1 190 8
1 191 2
1 42 1
1 43 3
1 192 1
1 51 1
1 52 2
1 53 6
1 55 1
1 57 1
1 59 3
1 193 3
1 194 2
1 195 1
1 65 4
1 67 2
1 68 2
1 69 1
1 72 2
1 196 2
1 197 2
1 74 4
1 76 4
1 77 1
1 78 3
1 79 2
1 80 3
1 81 1
1 82 2
1 198 1
1 85 3
1 87 7
1 199 2
1 200 1
1 88 4
1 89 4
1 93 2
1 201 2
1 202 1
1 97 12
1 203 1
1 98 4
1 117 18
1 102 2
1 106 4
1 120 549
1 64 4
1 204 4
1 205 3
1 206 11
1 207 6
1 208 1
1 209 1
1 210 10
1 211 14
1 177 6
1 212 2
1 213 6
1 214 2
1 215 2
1 216 1
1 128 2
1 217 2
1 218 2
1 219 1
1 220 1
1 221 1
1 222 2
1 223 3
1 224 11
1 225 36
1 226 1
1 227 4
1 228 1
1 229 4
1 230 1
1 231 3
1 232 2
1 233 4
1 234 3
1 235 3
1 236 2
1 237 2
1 135 3
1 238 1
1 239 4
1 240 2
1 241 2
1 242 2
1 243 2
1 244 2
1 245 3
1 246 2
1 247 2
1 248 2
1 249 2
1 250 4
1 251 2
1 252 1
1 253 11
1 254 1
1 255 6
1 256 3
1 257 1
1 258 2
1 259 3
1 260 6
1 261 3
1 262 5
1 263 3
1 264 2
1 265 12
1 266 3
1 267 79
1 268 49
1 269 22
1 270 2
1 271 12
1 272 13
1 273 15
1 161 8
1 274 1
1 275 1
1 162 2
1 276 2
1 277 3
1 163 2
1 278 6
1 279 1
1 280 10
1 281 1
1 173 1
1 282 2
1 283 9
1 284 3
13 12 2
13 19 1
13 22 2
13 26 8
13 285 2
13 286 2
13 37 3
13 38 5
13 287 1
13 40 1
13 44 3
13 45 6
13 46 1
13 47 2
13 48 20
13 49 10
13 51 1
13 54 6
13 56 3
13 57 7
13 288 4
13 65 7
13 71 4
13 74 2
13 80 9
13 83 5
13 88 7
13 201 2
13 97 3
13 117 6
13 103 3
13 119 1
13 120 393
13 64 5
13 123 1
13 289 3
13 124 3
13 290 1
13 291 1
13 292 1
13 293 12
13 294 3
13 295 1
13 296 1
13 297 8
13 298 4
13 299 2
13 128 5
13 300 2
13 301 2
13 219 4
13 302 8
13 303 3
13 304 5
13 305 4
13 306 3
13 307 18
13 130 18
13 308 5
13 309 2
13 310 2
13 311 1
13 312 1
13 233 10
13 313 2
13 314 5
13 236 4
13 315 2
13 316 4
13 135 17
13 317 3
13 318 3
13 319 3
13 320 2
13 321 3
13 322 12
13 141 1
13 323 1
13 324 3
13 143 2
13 325 1
13 326 4
13 327 4
13 328 3
13 329 2
13 330 6
13 331 12
13 332 3
13 333 2
13 258 6
13 334 2
13 335 6
13 336 3
13 337 19
13 338 2
13 339 4
13 340 2
13 341 3
13 342 6
13 343 12
13 344 2
13 345 2
13 346 2
13 347 5
13 348 6
13 267 31
13 268 20
13 349 10
13 350 2
13 161 3
13 275 2
13 351 4
13 352 4
13 353 2
13 165 1
13 354 3
13 355 1
13 356 1
13 279 5
13 357 1
13 284 3
358 359 1
358 201 2
358 119 2
358 120 43
358 64 8
358 360 6
358 361 1
358 362 2
358 161 2
36 363 2
36 35 11
36 364 1
36 59 6
36 60 3
36 65 2
36 68 3
36 70 4
36 75 1
36 76 1
36 79 2
36 80 1
36 81 1
36 84 1
36 85 4
36 86 1
36 87 2
36 90 1
36 96 2
36 119 2
36 120 74
36 64 4
36 365 3
36 366 4
36 367 1
36 368 1
36 369 1
36 161 2
36 370 9
36 371 1
36 372 2
36 373 1
374 375 2
374 119 3
374 120 16
374 64 10
374 376 2
374 377 1
374 378 1
374 379 2
120 380 856
120 358 2
120 119 2
120 8 7
120 381 1
120 382 1
62 383 1
62 384 1
62 385 1
62 61 2
62 193 1
62 65 6
62 67 1
62 69 2
62 72 1
62 197 1
62 386 1
62 91 2
62 92 2
62 93 1
62 95 2
62 117 2
62 104 1
62 119 1
62 120 74
62 64 9
62 177 3
62 130 2
62 135 2
62 387 6
62 388 2
62 389 4
62 390 2
62 161 2
62 165 1
62 391 2
64 63 6096
64 5 4
64 32 1
64 1 2
64 13 3
64 358 7
64 36 3
64 374 5
64 120 20
64 62 5
64 66 5
64 8 4
392 393 20
392 120 2
66 394 1
66 65 7
66 67 2
66 68 1
66 69 3
66 74 4
66 80 1
66 81 2
66 94 1
66 201 2
66 99 35
66 100 19
66 101 1
66 120 89
66 64 8
66 177 6
66 395 8
66 396 3
66 130 6
66 397 2
66 398 6
66 161 1
66 169 1
8 7 1
8 10 1
8 11 1
8 69 1
8 73 1
8 96 2
8 120 16
8 64 9
8 177 3
8 298 1
8 399 1
8 400 1
8 401 1
8 402 2
8 403 1
8 372 3
121 5 10
205 1 1
206 1 14
289 13 1
124 13 1
208 1 2
290 13 1
365 36 1
366 36 1
126 5 1
127 5 1
294 13 1
212 1 1
367 36 1
213 1 4
295 13 1
298 13 4
298 8 1
400 8 1
128 5 4
128 13 4
178 32 4
179 32 8
180 32 2
181 32 2
218 1 1
300 13 2
219 1 1
219 13 4
302 13 5
220 1 1
221 1 1
303 13 1
222 1 2
304 13 6
306 13 1
223 1 3
224 1 3
225 1 24
307 13 12
130 5 1
130 13 4
308 13 1
309 13 2
227 1 2
310 13 2
397 66 1
230 1 1
311 13 1
231 1 1
312 13 1
232 1 1
233 1 4
233 13 5
314 13 2
234 1 1
132 5 3
378 374 1
235 1 1
133 5 1
237 1 2
315 13 2
135 5 1
135 1 1
135 13 1
238 1 1
239 1 3
317 13 1
241 1 2
318 13 1
242 1 2
319 13 1
321 13 1
243 1 2
139 5 2
360 358 6
244 1 2
387 62 5
141 13 1
323 13 1
245 1 2
142 5 1
246 1 1
247 1 1
324 13 3
248 1 2
249 1 2
250 1 3
251 1 1
388 62 1
143 5 5
143 13 2
252 1 1
389 62 2
144 5 2
253 1 7
398 66 4
254 1 1
255 1 2
256 1 1
325 13 1
145 5 6
328 13 1
329 13 2
362 358 1
330 13 2
257 1 1
332 13 1
149 5 2
258 1 2
258 13 2
151 5 2
335 13 3
336 13 2
337 13 1
401 8 1
339 13 1
153 5 2
154 5 8
155 5 2
156 5 3
341 13 1
342 13 1
343 13 2
402 8 2
403 8 1
259 1 2
260 1 3
381 120 1
261 1 1
157 5 1
262 1 1
263 1 1
265 1 2
266 1 2
347 13 2
348 13 1
267 1 4
267 13 3
268 1 1
268 13 1
269 1 2
270 1 2
349 13 2
272 1 3
273 1 1
159 5 1
161 5 5
161 13 5
161 358 2
161 36 2
274 1 1
370 36 6
276 1 1
277 1 3
163 1 2
353 13 1
165 5 2
165 13 1
166 5 2
167 5 2
168 5 4
354 13 1
391 62 1
355 13 1
356 13 1
279 13 1
171 5 2
280 1 10
357 13 1
172 5 1
281 1 1
173 1 1
404 405 3
283 1 8
284 1 1
