0 1 1
2 3 2
4 3 1
5 6 2
7 3 1
8 6 12
9 3 1
10 6 1
11 3 1
12 1 1
13 1 2
14 3 1
15 16 1
17 18 1
19 16 1
20 16 1
21 1 1
22 23 2
24 23 2
25 23 2
26 27 1
28 3 1
29 27 1
30 27 4
31 27 2
32 23 25
33 1 1
34 1 1
35 3 1
36 1 2
37 38 1
39 1 1
40 3 1
41 6 2
42 3 2
43 23 1
44 1 1
45 16 1
46 6 6
47 18 2
48 3 1
49 1 1
49 16 4
49 3 1
50 1 1
50 6 4
51 3 4
52 18 1
53 16 2
54 1 2
55 1 1
56 1 1
57 1 3
58 59 137506
58 60 1
61 6 1
62 1 1
63 16 1
64 1 1
65 6 2
66 16 1
67 68 3
69 23 1
69 1 1
69 16 1
70 6 1
71 6 2
71 27 2
72 3 1
73 18 1
73 6 1
74 18 4
74 1 1
74 6 4
74 27 1
75 23 1
75 1 1
75 16 1
76 1 3
76 16 5
77 18 1
77 3 1
78 1 1
78 16 1
79 18 1
79 23 1
79 1 1
79 16 2
79 27 6
79 3 2
80 1 2
81 6 2
81 27 1
82 6 3
83 6 1
84 6 1
85 23 1
86 18 4
86 6 8
87 18 2
87 6 6
88 23 1
88 1 3
88 16 4
89 1 2
89 16 2
90 23 1
90 16 2
91 23 2
91 1 1
91 6 10
91 16 3
91 92 1
93 6 3
94 6 1
95 27 2
96 3 3
97 23 1
98 23 2
99 23 3
100 1 1
101 1 1
102 68 2
103 1 1
18 104 13
18 17 7
18 105 12
18 43 1
18 47 4
18 106 2
18 52 3
18 70 1
18 71 5
18 73 2
18 74 6
18 77 2
18 79 6
18 86 7
18 87 5
18 107 2
18 108 1
18 109 4
18 110 1
18 111 2
18 38 114
18 59 5
18 112 1
18 113 2
18 114 2
18 115 2
18 116 9
18 117 4
18 118 1
18 119 1
18 120 3
18 121 3
18 122 1
18 123 2
18 124 1
18 125 1
18 126 9
18 127 3
18 128 3
18 129 5
23 22 2
23 24 4
23 25 2
23 130 3
23 32 24
23 131 1
23 132 4
23 43 3
23 49 1
23 66 1
23 69 1
23 75 1
23 79 2
23 133 1
23 82 1
23 85 1
23 88 1
23 90 1
23 109 12
23 97 2
23 98 2
23 99 3
23 38 174
23 59 9
23 134 6
23 135 2
23 136 3
23 137 1
23 138 2
23 139 2
23 140 1
23 141 3
23 142 2
23 143 2
23 144 2
23 145 2
23 146 2
23 147 4
23 148 2
23 149 2
23 150 2
23 151 20
23 152 1
23 153 8
23 154 1
23 155 2
23 156 2
23 157 2
23 158 2
23 159 2
23 160 2
23 161 1
23 162 1
1 163 2
1 0 1
1 164 2
1 165 1
1 166 1
1 167 2
1 9 2
1 168 1
1 169 1
1 12 2
1 13 2
1 170 1
1 21 7
1 171 2
1 172 2
1 173 1
1 33 2
1 34 7
1 174 1
1 175 2
1 36 9
1 176 1
1 39 4
1 44 1
1 177 1
1 178 1
1 179 1
1 180 6
1 49 3
1 50 2
1 181 3
1 182 1
1 183 2
1 54 4
1 55 3
1 56 2
1 57 1
1 62 2
1 66 2
1 69 1
1 70 3
1 71 1
1 74 4
1 75 1
1 76 1
1 77 2
1 78 1
1 79 3
1 80 2
1 133 1
1 184 2
1 82 1
1 86 1
1 88 1
1 89 1
1 91 3
1 94 1
1 185 2
1 109 34
1 100 2
1 101 1
1 186 1
1 187 1
1 38 381
1 59 9
1 188 2
1 189 1
1 190 1
1 191 4
1 192 18
1 193 1
1 194 1
1 195 1
1 114 3
1 196 3
1 197 1
1 198 1
1 199 1
1 136 5
1 200 2
1 201 3
1 202 7
1 203 2
1 204 2
1 205 4
1 116 2
1 206 1
1 207 2
1 208 6
1 209 2
1 210 1
1 211 2
1 212 2
1 213 3
1 214 1
1 151 21
1 152 4
1 215 1
1 216 1
1 217 1
1 218 1
1 219 1
1 220 1
1 221 1
1 222 2
1 223 1
1 224 2
1 225 1
1 226 24
1 227 1
1 228 1
1 229 4
1 230 1
1 231 1
1 232 1
1 233 2
1 234 2
1 235 1
1 236 2
1 237 1
1 238 1
1 239 1
1 240 2
1 241 1
1 242 1
1 243 2
1 244 2
1 245 1
1 246 6
1 247 3
1 248 1
1 249 6
1 250 2
1 251 6
1 252 1
1 253 1
1 254 2
1 255 3
1 256 2
1 257 2
1 258 2
1 259 1
1 260 1
1 261 1
1 262 1
1 263 3
1 264 1
1 265 1
1 266 1
1 267 1
1 268 1
1 269 1
1 270 2
1 271 2
1 272 1
1 273 2
1 274 2
1 275 3
1 276 1
1 277 1
1 278 2
1 279 6
1 280 12
1 281 1
1 282 5
1 283 8
1 284 5
1 285 3
1 286 1
1 287 1
1 128 6
1 288 1
1 289 1
1 290 6
1 291 1
1 292 2
1 293 1
1 294 1
1 295 1
1 296 2
1 297 2
1 298 2
1 299 2
1 300 1
6 5 2
6 301 2
6 8 17
6 10 3
6 302 1
6 41 2
6 303 1
6 46 6
6 49 3
6 50 9
6 61 3
6 304 2
6 65 4
6 70 2
6 305 2
6 71 4
6 73 3
6 74 7
6 306 1
6 81 3
6 133 1
6 82 4
6 83 2
6 84 2
6 307 1
6 86 9
6 87 7
6 91 15
6 308 2
6 93 4
6 94 2
6 111 2
6 38 130
6 59 9
6 309 3
6 310 5
6 311 3
6 116 7
6 145 3
6 215 1
6 312 1
6 313 2
6 314 3
6 315 1
6 316 2
6 317 6
6 128 4
16 318 1
16 319 1
16 320 1
16 166 1
16 15 13
16 321 25
16 322 1
16 19 1
16 20 1
16 323 1
16 324 1
16 325 3
16 326 1
16 327 1
16 45 2
16 49 5
16 50 1
16 53 1
16 328 1
16 79 1
16 91 2
16 111 1
16 38 45
16 59 8
16 329 1
16 330 1
16 152 1
16 331 1
16 332 6
16 333 1
16 128 3
16 334 1
16 335 1
16 336 1
27 26 2
27 29 1
27 30 7
27 31 4
27 71 2
27 74 1
27 79 6
27 81 1
27 95 2
27 109 2
27 111 1
27 38 105
27 59 4
27 337 2
27 338 2
27 339 2
27 340 2
27 341 1
27 206 2
27 342 14
27 343 12
27 344 2
27 345 1
27 346 7
27 128 1
27 300 2
68 347 3
68 67 2
68 348 2
68 349 2
68 102 1
68 111 3
68 38 8
68 59 4
68 350 1
68 351 3
68 352 2
38 37 1
38 353 591
38 111 2
38 59 4
3 2 2
3 4 2
3 7 2
3 9 2
3 11 2
3 354 3
3 14 2
3 28 2
3 35 2
3 355 1
3 356 1
3 40 3
3 42 3
3 48 3
3 49 4
3 50 1
3 51 22
3 71 1
3 72 2
3 77 2
3 79 6
3 107 2
3 96 9
3 109 8
3 357 2
3 38 217
3 59 4
3 358 2
3 359 3
3 360 7
3 361 15
3 196 3
3 362 1
3 363 2
3 136 3
3 364 2
3 365 3
3 366 4
3 367 1
3 368 1
3 369 4
3 152 10
3 370 1
3 371 1
3 313 1
3 372 2
3 373 2
3 374 4
3 226 10
3 375 1
3 376 2
3 377 2
3 378 4
3 379 1
3 380 2
3 381 2
3 382 4
3 383 34
3 384 2
3 385 3
3 386 2
3 387 1
3 128 6
3 388 1
3 389 2
3 390 3
3 391 10
3 392 1
3 393 16
3 394 5
59 395 1
59 396 1
59 58 717
59 18 3
59 23 5
59 1 4
59 6 6
59 16 6
59 27 5
59 68 5
59 111 1
59 38 99
59 3 3
59 92 3
59 397 5
59 398 1
60 399 20
60 38 1
92 91 1
92 38 22
92 59 5
92 400 8
92 136 5
92 401 2
92 145 2
92 402 7
397 403 9
397 404 2
397 38 13
397 59 9
397 136 3
188 1 1
192 1 12
359 3 1
309 6 1
360 3 1
361 3 5
113 18 1
193 1 1
338 27 1
134 23 2
114 1 2
400 92 2
196 1 1
196 3 1
197 1 1
115 18 1
364 3 1
310 6 3
401 92 1
137 23 1
202 1 1
365 3 1
139 23 2
140 23 1
340 27 2
341 27 1
311 6 2
116 18 8
116 1 1
116 6 5
116 16 7
145 23 1
145 6 1
145 92 1
369 3 2
351 68 1
117 18 2
117 1 1
405 1 1
207 1 1
146 23 2
342 27 7
147 23 3
208 1 2
343 27 6
209 1 1
148 23 1
213 1 1
149 23 2
344 27 2
150 23 2
151 23 8
151 1 9
152 16 1
152 3 3
215 1 1
215 6 1
153 23 8
218 1 1
406 397 1
312 6 1
313 6 1
372 3 1
314 6 1
345 27 1
373 3 1
226 3 2
155 23 2
407 1 1
408 1 1
346 27 4
229 1 4
375 3 1
230 1 1
231 1 1
233 1 1
409 1 1
120 18 1
410 1 1
234 1 1
121 18 2
236 1 1
240 1 2
241 1 1
242 1 1
411 1 1
376 3 1
157 23 2
243 1 1
244 1 1
377 3 1
412 1 1
158 23 1
123 18 1
413 1 1
315 6 1
414 16 1
124 16 1
247 1 1
316 6 2
378 3 2
248 1 1
249 1 5
415 1 2
317 6 6
402 92 5
416 16 1
250 1 1
251 1 6
252 1 1
254 1 1
125 1 1
125 16 1
255 1 1
256 1 1
257 1 1
258 1 1
380 3 1
381 3 2
126 18 4
263 1 2
159 23 1
127 18 1
382 3 4
269 1 1
270 1 1
271 1 1
272 1 2
273 1 1
275 1 1
276 1 1
278 1 1
384 3 1
385 3 1
279 1 3
386 3 1
417 1 1
418 1 1
282 1 1
284 1 1
285 1 1
287 1 1
128 18 1
128 1 4
128 6 2
128 16 1
128 27 1
128 3 1
128 397 2
290 1 3
162 23 1
334 16 1
293 1 1
389 3 1
297 1 1
419 420 2
352 68 1
390 3 3
298 1 1
421 1 1
391 3 2
299 1 1
392 3 1
393 3 2
129 18 2
394 3 1
